998 1205 0
997 1205 0
999 1205 0
997 1206 0
997 1207 0
995 1205 0
994 1205 0
993 1205 0
993 1206 0
1009 1206 0
1010 1207 0
1010 1206 0
1010 1208 0
1011 1208 0
1011 1207 0
1011 1206 0
1012 1206 0
1012 1207 0
1013 1206 0
1013 1207 0
1014 1207 0
1014 1206 0
1015 1206 0
1015 1207 0
1016 1207 0
1016 1206 0
1017 1206 0
1017 1207 0
1018 1207 0
1016 1208 0
1017 1208 0
1018 1206 0
1019 1207 0
1019 1208 0
1018 1208 0
1020 1207 0
1020 1208 0
1020 1209 0
1021 1209 0
1021 1208 0
1022 1208 0
1020 1210 0
1019 1209 0
1018 1209 0
1019 1210 0
1021 1210 0
1021 1207 0
1022 1209 0
1023 1209 0
1023 1208 0
1024 1209 0
1023 1210 0
1022 1210 0
1021 1211 0
1022 1211 0
1024 1210 0
1024 1211 0
1025 1210 0
1025 1211 0
1025 1212 0
1025 1209 0
1026 1211 0
1026 1212 0
1026 1210 0
1027 1211 0
1027 1212 0
1027 1210 0
1028 1212 0
1027 1213 0
1028 1213 0
1028 1210 0
1028 1211 0
1016 1206 2
1016 1207 2
1016 1208 2
1016 1209 2
1016 1210 2
1016 1211 2
1016 1212 2
1016 1213 2
1016 1214 2
1013 1216 0
1013 1214 0
1011 1211 0
1016 1207 0
1016 1206 0
1018 1205 0
1019 1205 0
1019 1206 0
1020 1206 0
1021 1206 0
1020 1205 0
1022 1207 0
1008 1206 0
1006 1206 0
1003 1206 0
1004 1206 0
1005 1206 0
1002 1206 0
1001 1206 0
1000 1206 0
996 1205 0
991 1205 0
993 1207 0
1023 1208 2
1024 1209 2
1024 1210 2
1028 1213 2
1029 1210 0
1030 1210 0
1031 1210 0
1032 1210 0
1030 1211 0
1029 1211 0
1031 1211 0
1032 1211 0
1033 1211 0
1033 1210 0
1034 1210 0
1034 1211 0
1035 1210 0
1035 1211 0
1036 1211 0
1036 1210 0
1037 1210 0
1037 1211 0
1038 1211 0
1038 1210 0
1039 1211 0
1039 1210 0
1040 1210 0
1040 1211 0
1041 1210 0
1042 1210 0
1042 1211 0
1041 1211 0
1043 1211 0
1044 1211 0
1043 1210 0
1044 1210 0
1045 1211 0
1038 1209 0
1038 1208 0
1038 1207 0
1038 1206 0
1038 1205 0
1038 1204 0
1038 1203 0
1038 1202 0
1038 1201 0
1039 1201 0
1039 1200 0
1038 1200 0
1038 1199 0
1038 1198 0
1038 1197 0
1038 1196 0
1038 1195 0
1038 1194 0
1038 1193 0
1038 1192 0
1038 1191 0
1038 1190 0
974 1171 0
974 1170 0
974 1169 0
975 1166 0
981 1124 0
981 1123 0
981 1122 0
981 1121 0
981 1120 0
981 1119 0
981 1118 0
981 1117 0
981 1116 0
981 1115 0
981 1114 0
981 1113 0
981 1112 0
981 1111 0
981 1110 0
981 1109 0
981 1108 0
981 1107 0
981 1106 0
981 1105 0
981 1104 0
981 1103 0
981 1102 0
981 1101 0
981 1100 0
981 1099 0
981 1098 0
981 1097 0
981 1096 0
981 1095 0
981 1094 0
981 1093 0
981 1092 0
981 1091 0
981 1090 0
981 1089 0
981 1088 0
981 1087 0
982 1087 0
983 1087 0
984 1087 0
981 1086 0
981 1085 0
981 1084 0
981 1083 0
981 1082 0
981 1081 0
981 1080 0
981 1079 0
981 1078 0
981 1077 0
981 1076 0
980 1077 0
980 1076 0
980 1075 0
979 1076 0
979 1077 0
979 1075 0
977 1073 0
978 1073 0
978 1074 0
977 1074 0
977 1075 0
976 1074 0
975 1074 0
976 1073 0
978 1072 0
978 1071 0
978 1070 0
978 1069 0
978 1068 0
978 1067 0
978 1066 0
978 1065 0
978 1064 0
978 1063 0
978 1062 0
978 1061 0
972 1046 0
971 1046 0
970 1046 0
969 1046 0
968 1046 0
967 1046 0
966 1046 0
965 1046 0
968 1047 0
967 1047 0
966 1047 0
965 1047 0
964 1047 0
963 1047 0
964 1046 0
963 1046 0
962 1046 0
961 1046 0
961 1047 0
962 1047 0
960 1047 0
960 1046 0
959 1046 0
958 1046 0
957 1046 0
958 1047 0
956 1046 0
959 1047 0
957 1047 0
956 1047 0
955 1047 0
955 1046 0
954 1046 0
954 1047 0
953 1047 0
955 1045 0
954 1045 0
954 1044 0
955 1044 0
956 1044 0
956 1043 0
957 1044 0
954 1043 0
955 1043 0
958 1044 0
957 1043 0
958 1043 0
959 1043 0
959 1044 0
960 1043 0
954 1042 0
954 1041 0
953 1041 0
953 1040 0
954 1040 0
954 1039 0
953 1039 0
955 1040 0
955 1039 0
956 1039 0
957 1039 0
955 1038 0
956 1038 0
954 1038 0
953 1038 0
953 1037 0
954 1037 0
955 1037 0
956 1037 0
957 1037 0
958 1037 0
957 1038 0
958 1038 0
959 1037 0
959 1036 0
960 1036 0
958 1036 0
956 1036 0
955 1036 0
954 1036 0
953 1036 0
953 1035 0
957 1036 0
958 1035 0
957 1035 0
955 1035 0
954 1035 0
954 1034 0
955 1034 0
956 1034 0
957 1034 0
958 1034 0
955 1033 0
954 1033 0
954 1032 0
954 1031 0
964 1015 0
962 1015 0
963 1015 0
963 1016 0
962 1016 0
964 1016 0
943 999 0
944 999 0
945 999 0
946 999 0
947 999 0
945 1000 0
946 1000 0
947 1000 0
944 1000 0
948 999 0
949 999 0
950 999 0
951 999 0
948 1000 0
949 1000 0
950 1000 0
951 1000 0
952 999 0
953 1000 0
951 998 0
951 997 0
951 996 0
951 995 0
951 994 0
951 993 0
951 992 0
951 991 0
950 991 0
950 990 0
951 990 0
951 989 0
951 988 0
951 987 0
951 986 0
951 985 0
951 984 0
951 983 0
951 982 0
951 981 0
951 980 0
951 979 0
951 978 0
951 977 0
951 976 0
951 975 0
951 974 0
951 973 0
951 972 0
951 971 0
951 970 0
951 969 0
951 968 0
951 967 0
951 966 0
951 965 0
951 964 0
951 963 0
951 962 0
951 954 0
951 953 0
951 952 0
951 951 0
951 950 0
951 949 0
951 948 0
951 947 0
980 875 0
979 875 0
980 874 0
979 874 0
980 873 0
980 872 0
981 873 0
981 874 0
982 874 0
981 872 0
982 873 0
983 874 0
984 874 0
983 873 0
979 873 0
980 871 0
980 870 0
980 869 0
980 868 0
980 867 0
980 866 0
980 865 0
980 864 0
980 863 0
980 862 0
980 861 0
980 860 0
980 859 0
980 858 0
980 857 0
980 856 0
980 855 0
980 854 0
980 853 0
980 852 0
980 851 0
980 850 0
980 849 0
980 848 0
980 847 0
980 846 0
980 845 0
980 844 0
980 843 0
980 842 0
980 841 0
980 840 0
980 839 0
980 838 0
980 837 0
980 836 0
980 835 0
980 825 0
995 782 0
995 781 0
995 780 0
995 779 0
995 778 0
995 777 0
995 776 0
995 775 0
995 774 0
995 773 0
995 772 0
995 771 0
995 770 0
995 769 0
995 768 0
995 767 0
995 766 0
995 765 0
995 764 0
995 763 0
995 762 0
995 761 0
995 760 0
995 759 0
995 758 0
957 575 0
958 566 0
960 566 0
961 566 0
962 566 0
963 566 0
964 566 0
962 567 0
961 567 0
963 567 0
964 567 0
965 567 0
966 567 0
965 566 0
966 566 0
967 566 0
968 566 0
969 566 0
969 567 0
970 566 0
967 567 0
967 568 0
968 568 0
967 569 0
966 568 0
965 568 0
966 569 0
967 570 0
968 567 0
969 568 0
970 568 0
970 569 0
969 569 0
970 567 0
971 567 0
971 568 0
968 569 0
969 565 0
969 564 0
969 563 0
968 563 0
967 563 0
967 562 0
966 562 0
968 562 0
969 562 0
968 561 0
967 561 0
967 560 0
967 559 0
967 558 0
968 558 0
968 559 0
968 560 0
969 560 0
969 559 0
969 558 0
970 558 0
970 559 0
970 560 0
971 559 0
972 559 0
971 558 0
971 560 0
993 1208 0
993 1209 0
997 1208 0
997 1209 0
975 1206 0
959 1204 0
959 1203 0
959 1202 0
959 1201 0
959 1200 0
959 1199 0
959 1198 0
959 1197 0
959 1196 0
958 1196 0
958 1195 0
959 1195 0
959 1194 0
959 1193 0
960 1193 0
960 1192 0
960 1191 0
960 1190 0
959 1192 0
959 1191 0
959 1190 0
959 1189 0
959 1188 0
959 1187 0
959 1186 0
959 1185 0
959 1184 0
959 1183 0
959 1182 0
959 1181 0
959 1180 0
959 1179 0
959 1178 0
959 1177 0
959 1176 0
960 1176 0
961 1176 0
962 1176 0
961 1177 0
960 1177 0
962 1177 0
963 1177 0
964 1177 0
963 1176 0
964 1176 0
965 1176 0
966 1176 0
965 1177 0
966 1177 0
967 1176 0
967 1177 0
968 1176 0
969 1176 0
969 1177 0
968 1177 0
970 1177 0
971 1177 0
970 1176 0
971 1176 0
972 1176 0
972 1177 0
973 1177 0
973 1176 0
974 1176 0
975 1176 0
972 1175 0
972 1174 0
972 1173 0
971 1173 0
971 1174 0
970 1174 0
970 1175 0
969 1175 0
971 1175 0
946 899 0
945 899 0
945 898 0
945 897 0
945 896 0
945 895 0
945 894 0
945 893 0
945 892 0
945 891 0
949 845 0
949 844 0
949 843 0
949 842 0
949 841 0
949 840 0
949 839 0
949 838 0
949 837 0
949 836 0
949 835 0
949 834 0
949 833 0
949 832 0
949 831 0
949 830 0
949 829 0
949 828 0
949 827 0
949 826 0
947 775 0
947 774 0
947 773 0
947 772 0
947 771 0
947 770 0
947 769 0
947 768 0
947 767 0
947 766 0
947 765 0
947 764 0
947 763 0
947 762 0
947 761 0
947 760 0
947 759 0
947 758 0
947 757 0
923 643 0
924 643 0
923 642 0
916 625 0
917 616 0
920 566 0
921 548 0
922 548 0
923 548 0
923 549 0
922 549 0
924 549 0
923 547 0
924 547 0
924 548 0
921 549 0
921 550 0
920 549 0
920 550 0
919 549 0
920 548 0
921 547 0
923 546 0
933 514 0
931 514 0
930 515 0
930 516 0
928 514 0
928 513 0
927 513 0
927 512 0
926 513 0
927 511 0
926 512 0
925 512 0
